00 1 1 35 36 45
01 1 1 42
02 1 1 00 01 14
03 1 1 05 06
04 1 1 02 03
05 1 1 08 09
06 1 1 07 19 20
07 1 1 08 09
08 1 1 44 47
09 1 1 44 47
10 1 1 07 20 19
11 1 1 10 28
12 1 1 10 28
13 1 1 04 11 12 18 43 46
14 1 2 37 38
15 1 2 00 01 14
16 1 2 17
17 1 2 04 11 12 18 43 46
18 1 2 07 19 20
19 1 2 44 47
20 1 2 08 09
21 1 3 37 38
22 1 3 15 21 39
23 1 3 27 34 40
24 1 3 27 34 40
25 1 3 24 26
26 1 3 02 03
27 1 3 04 11 12 18 43 46
28 1 3 29 30
29 1 3 31
30 1 3 31
31 1 3 44 47
32 1 4 15 21 39
33 1 4 04 11 12 18 43 46
34 1 4 04 11 12 18 43 16
35 2 1 00 01 14
36 2 1 37 38
37 2 2 15 21 39
38 2 1 00 01 14
39 2 3 22 23 25 32 33
40 2 3 22 23 25 32 33
